533
565
567
583
585
599
785
817
888
914
948
988
1013
1019
1036
1039
1057
1067
1110
1124
1133
1156
1191
1265
1267
1299
1312
1329
1368
1437
1460
1470
1479
1494
1500
1618
1624
1685
1686
1699
1772
1802
1813
1847
1874
1875
1882
1903
1941
1947
2012
2051
2053
2054
2058
2071
2081
2104
2119
2137
2150
2154
2159
2169
2202
2347
2373
2378
2383
2394
2399
2493
2495
2498
2506
2519
2528
2551
2646
2668
2726
2729
2730
2733
2735
2736
2740
2772
2774
2818
2832
2945
2964
2966
2987
3022
3029
3038
3121
3161
3179
3212
3229
3285
3322
3337
3341
3366
3376
3387
3411
3420
3433
3449
3458
3489
3522
3535
3560
3561
3569
3580
3621
3652
3722
3726
3770
3816
3832
3850
3916
3932
3949
3952
3988
4007
4047
4072
4100
4122
4148
4182
4195
4217
4234
4288
4309
4371
4410
4444
4487
4562
4578
4611
4620
4646
4649
4660
4704
4767
4773
4780
4781
4819
4823
4832
4841
4859
4886
4932
4933
4936
4940
4943
4948
4991
5015
5230
5308
5371
5399
5415
5418
5448
5467
5493
5500
5521
5533
5569
5574
5582
5596
5611
5627
5633
5638
5652
5658
5663
5686
5734
5743
5761
5777
5813
5820
5821
5839
5840
5846
5864
5870
5872
5873
5903
5920
5954
5966
5979
6002
6016
6025
6042
6102
6110
6119
6121
6139
6143
6185
6199
6200
6212
6250
6282
6283
6284
6301
6337
6372
6383
6399
6420
6428
6442
6447
6463
6471
6483
6499
6500
6506
6507
6526
6533
6539
6542
6552
6553
6565
6574
6588
6605
6635
6637
6646
6661
6711
6715
6716
6729
6764
6765
6781
6808
6820
7210
7295
7432
7507
7651
7669
7691
7699
7716
7738
7741
7771
7787
7802
7803
7948
7958
7966
7972
8126
8166
8173
8175
8194
8223
8224
8240
8246
8373
8392
8399
8498
8528
8538
8550
8595
8596
8609
8631
8656
8676
8687
8703
8718
8732
8766
8783
8830
8846
8888
8914
8938
8975
8981
8991
9025
9035
9046